Unnamed: 0,img_id,ground_truth,prediction,probability_0,probability_1,asymmetry_score,border_score,color_score_red,color_score_green,color_score_blue,ground_truth_labels
0,PAT_935_1781_920.png,0,0,0.52,0.48,0.479,0.028,0.004,0.005,0.01,0
1,PAT_673_1276_752.png,0,0,0.55,0.45,0.176,0.02,0.003,0.005,0.002,0
2,PAT_2127_4662_596.png,0,0,0.51,0.49,0.3,0.131,0.002,0.002,0.002,0
3,PAT_302_650_477.png,0,1,0.48,0.52,0.372,0.768,0.007,0.007,0.016,0
4,PAT_307_1685_651.png,0,0,0.64,0.36,0.431,0.755,0.006,0.008,0.012,0
5,PAT_1029_135_239.png,0,0,0.55,0.45,0.321,0.368,0.004,0.005,0.007,0
6,PAT_814_1532_265.png,0,0,0.69,0.31,0.257,1.0,0.008,0.012,0.013,0
7,PAT_1034_160_819.png,0,0,0.52,0.48,0.379,0.107,0.003,0.005,0.009,0
8,PAT_943_1793_787.png,0,1,0.11,0.89,0.376,0.036,0.001,0.004,0.035,0
9,PAT_265_1371_303.png,0,1,0.42,0.58,0.337,0.054,0.004,0.006,0.014,0
10,PAT_1584_2610_223.png,0,1,0.36,0.64,0.0,0.0,0.001,0.001,0.001,0
11,PAT_802_1516_910.png,0,0,0.72,0.28,0.4,1.0,0.004,0.008,0.009,0
12,PAT_118_180_386.png,0,1,0.24,0.76,0.278,0.114,0.002,0.003,0.019,0
13,PAT_48_74_402.png,0,0,0.57,0.43,0.107,0.055,0.007,0.009,0.005,0
14,PAT_938_1790_977.png,0,1,0.4,0.6,0.542,0.066,0.001,0.001,0.012,0
15,PAT_1780_3380_542.png,0,1,0.46,0.54,0.131,0.215,0.004,0.004,0.004,0
16,PAT_196_300_749.png,0,1,0.43,0.57,0.322,0.019,0.001,0.005,0.013,0
17,PAT_633_1199_745.png,0,1,0.46,0.54,0.25,0.0,0.0,0.0,0.0,0
18,PAT_626_1187_34.png,0,1,0.5,0.5,0.069,0.953,0.004,0.004,0.005,0
19,PAT_651_1232_950.png,0,1,0.45,0.55,0.334,0.035,0.001,0.003,0.008,0
20,PAT_693_1313_304.png,0,1,0.35,0.65,0.0,0.0,0.0,0.0,0.0,0
21,PAT_1550_1886_849.png,0,0,0.71,0.29,0.819,0.082,0.004,0.01,0.018,0
22,PAT_177_275_905.png,0,1,0.39,0.61,0.366,0.255,0.009,0.007,0.016,0
23,PAT_42_58_13.png,0,0,0.61,0.39,0.388,0.019,0.003,0.006,0.006,0
24,PAT_1565_2432_808.png,0,1,0.37,0.63,0.09,0.067,0.007,0.003,0.003,0
25,PAT_270_417_257.png,1,1,0.35,0.65,0.494,0.125,0.004,0.007,0.024,1
26,PAT_1731_3237_197.png,0,0,0.52,0.48,0.378,0.042,0.002,0.002,0.003,0
27,PAT_1329_1168_620.png,0,1,0.48,0.52,0.294,0.016,0.0,0.0,0.0,0
28,PAT_131_197_260.png,0,0,0.61,0.39,0.479,1.0,0.004,0.004,0.009,0
29,PAT_645_1224_768.png,0,1,0.22,0.78,0.349,0.194,0.003,0.003,0.022,0
30,PAT_1572_2496_418.png,0,0,0.57,0.43,0.391,0.052,0.008,0.008,0.009,0
31,PAT_377_1580_534.png,0,1,0.46,0.54,0.174,0.905,0.006,0.009,0.018,0
32,PAT_798_1770_256.png,0,0,0.58,0.42,0.296,0.014,0.002,0.005,0.004,0
33,PAT_1498_1719_816.png,0,0,0.59,0.41,0.497,0.008,0.002,0.002,0.002,0
34,PAT_1764_3336_981.png,0,0,0.72,0.28,0.646,0.746,0.004,0.004,0.005,0
35,PAT_517_971_88.png,0,1,0.18,0.82,0.188,0.494,0.002,0.003,0.024,0
36,PAT_1918_3837_15.png,0,0,0.57,0.43,0.481,0.011,0.0,0.0,0.0,0
37,PAT_50_76_728.png,0,1,0.07,0.93,0.319,0.044,0.002,0.007,0.046,0
38,PAT_2024_4224_141.png,0,0,0.59,0.41,0.569,0.361,0.003,0.006,0.013,0
39,PAT_2092_4537_438.png,0,1,0.47,0.53,0.19,0.666,0.002,0.003,0.007,0
40,PAT_806_1519_527.png,0,0,0.68,0.32,0.457,0.581,0.006,0.009,0.011,0
41,PAT_75_114_73.png,0,1,0.35,0.65,0.0,0.0,0.0,0.0,0.0,0
42,PAT_718_1358_919.png,0,0,0.57,0.43,0.401,0.128,0.003,0.004,0.005,0
43,PAT_230_351_720.png,0,0,0.59,0.41,0.506,0.011,0.008,0.004,0.002,0
44,PAT_92_141_551.png,0,0,0.64,0.36,0.328,0.91,0.008,0.008,0.009,0
45,PAT_677_1348_657.png,0,0,0.67,0.33,0.378,0.18,0.008,0.009,0.006,0
46,PAT_1138_520_154.png,0,1,0.49,0.51,0.311,0.011,0.0,0.0,0.0,0
47,PAT_126_190_376.png,0,0,0.53,0.47,0.219,0.041,0.002,0.004,0.003,0
48,PAT_98_152_562.png,0,0,0.71,0.29,0.136,1.0,0.005,0.01,0.007,0
49,PAT_247_378_484.png,0,0,0.54,0.46,0.41,0.013,0.001,0.003,0.005,0
50,PAT_212_327_532.png,0,0,0.51,0.49,0.08,0.486,0.004,0.005,0.004,0
51,PAT_703_1329_112.png,0,0,0.6,0.4,0.352,0.018,0.001,0.004,0.003,0
52,PAT_827_1599_248.png,0,1,0.35,0.65,0.0,0.0,0.0,0.0,0.0,0
53,PAT_2025_4229_541.png,0,0,0.57,0.43,0.486,0.009,0.0,0.0,0.0,0
54,PAT_793_1512_382.png,0,0,0.71,0.29,0.717,0.107,0.0,0.003,0.004,0
55,PAT_2079_4480_586.png,0,0,0.75,0.25,0.609,1.0,0.005,0.005,0.005,0
56,PAT_971_1847_99.png,0,0,0.67,0.33,0.588,0.298,0.006,0.009,0.013,0
57,PAT_1701_3135_5.png,0,0,0.66,0.34,0.31,1.0,0.005,0.006,0.006,0
58,PAT_1818_3570_577.png,0,0,0.68,0.32,0.591,0.116,0.005,0.007,0.008,0
59,PAT_1333_1177_434.png,0,1,0.48,0.52,0.235,0.024,0.001,0.002,0.002,0
60,PAT_2046_4323_394.png,0,0,0.65,0.35,0.587,0.087,0.002,0.003,0.003,0
61,PAT_528_993_589.png,0,0,0.57,0.43,0.423,0.54,0.009,0.008,0.012,0
62,PAT_1730_3236_201.png,0,0,0.51,0.49,0.589,0.027,0.001,0.003,0.011,0
63,PAT_514_969_995.png,0,0,0.71,0.29,0.639,0.149,0.004,0.005,0.004,0
64,PAT_388_1589_976.png,0,0,0.63,0.37,0.266,0.943,0.007,0.007,0.007,0
65,PAT_191_294_419.png,0,1,0.41,0.59,0.651,0.155,0.008,0.012,0.032,0
66,PAT_475_913_874.png,0,0,0.56,0.44,0.323,0.018,0.006,0.005,0.003,0
67,PAT_56_86_802.png,0,0,0.54,0.46,0.292,0.088,0.004,0.004,0.003,0
68,PAT_87_133_159.png,0,0,0.56,0.44,0.243,0.431,0.004,0.005,0.005,0
69,PAT_1812_3492_670.png,0,0,0.62,0.38,0.596,0.003,0.0,0.0,0.0,0
70,PAT_372_760_267.png,0,1,0.01,0.99,0.426,0.057,0.002,0.003,0.073,0
71,PAT_1636_2869_739.png,0,0,0.62,0.38,0.43,0.006,0.005,0.005,0.003,0
72,PAT_1151_551_241.png,0,0,0.61,0.39,0.588,0.353,0.004,0.01,0.02,0
73,PAT_167_258_711.png,0,1,0.35,0.65,0.0,0.0,0.0,0.0,0.0,0
74,PAT_719_1361_160.png,1,1,0.3,0.7,0.324,0.046,0.002,0.004,0.018,1
75,PAT_202_307_927.png,0,1,0.49,0.51,0.227,0.518,0.005,0.005,0.008,0
76,PAT_197_301_449.png,0,0,0.57,0.43,0.4,0.4,0.004,0.005,0.008,0
77,PAT_715_1338_761.png,0,0,0.8,0.2,0.583,1.0,0.004,0.007,0.006,0
78,PAT_927_1759_749.png,0,0,0.75,0.25,0.493,0.064,0.006,0.009,0.004,0
79,PAT_792_1498_936.png,0,0,0.55,0.45,0.451,0.006,0.0,0.0,0.0,0
80,PAT_1926_3871_371.png,0,1,0.5,0.5,0.122,0.737,0.004,0.004,0.005,0
81,PAT_1367_1264_801.png,0,0,0.57,0.43,0.4,0.018,0.005,0.006,0.007,0
82,PAT_224_1340_551.png,0,1,0.35,0.65,0.608,0.17,0.002,0.003,0.02,0
83,PAT_1472_1639_87.png,0,1,0.35,0.65,0.0,0.0,0.0,0.0,0.0,0
84,PAT_1125_492_523.png,0,0,0.61,0.39,0.423,0.011,0.002,0.003,0.001,0
85,PAT_1486_1684_182.png,0,1,0.5,0.5,0.251,0.249,0.001,0.001,0.001,0
86,PAT_1294_1031_466.png,0,0,0.78,0.22,0.583,1.0,0.01,0.011,0.011,0
87,PAT_999_20_223.png,0,1,0.5,0.5,0.331,0.007,0.0,0.0,0.0,0
88,PAT_482_924_134.png,0,0,0.55,0.45,0.194,0.015,0.005,0.006,0.003,0
89,PAT_337_706_598.png,0,0,0.52,0.48,0.296,0.006,0.002,0.003,0.003,0
90,PAT_204_310_975.png,0,0,0.68,0.32,0.615,0.166,0.003,0.003,0.002,0
91,PAT_564_1079_430.png,0,1,0.46,0.54,0.305,0.014,0.001,0.002,0.005,0
92,PAT_1400_1372_276.png,0,0,0.51,0.49,0.314,0.066,0.004,0.004,0.005,0
93,PAT_534_1009_924.png,0,0,0.51,0.49,0.446,0.294,0.003,0.003,0.008,0
94,PAT_930_1760_560.png,0,0,0.54,0.46,0.363,0.012,0.001,0.003,0.004,0
95,PAT_1161_578_233.png,0,0,0.52,0.48,0.295,0.113,0.003,0.003,0.003,0
96,PAT_388_1592_850.png,0,0,0.69,0.31,0.202,0.116,0.007,0.013,0.009,0
97,PAT_349_724_750.png,0,1,0.35,0.65,0.0,0.0,0.0,0.0,0.0,0
98,PAT_1850_3631_519.png,0,0,0.59,0.41,0.561,0.015,0.003,0.005,0.009,0
99,PAT_545_1030_854.png,0,0,0.73,0.27,0.406,0.132,0.007,0.008,0.001,0
100,PAT_960_1816_662.png,0,0,0.64,0.36,0.556,0.163,0.009,0.009,0.011,0
101,PAT_579_1100_988.png,0,0,0.76,0.24,0.447,0.496,0.005,0.007,0.002,0
102,PAT_316_674_318.png,0,1,0.35,0.65,0.0,0.0,0.0,0.0,0.0,0
103,PAT_390_790_505.png,0,0,0.53,0.47,0.349,0.095,0.008,0.005,0.004,0
104,PAT_928_1764_426.png,0,0,0.55,0.45,0.265,0.097,0.004,0.005,0.004,0
105,PAT_211_317_649.png,0,0,0.52,0.48,0.622,0.103,0.001,0.003,0.012,0
106,PAT_29_40_561.png,0,0,0.6,0.4,0.491,0.069,0.001,0.002,0.002,0
107,PAT_728_1533_952.png,0,0,0.52,0.48,0.382,0.026,0.005,0.005,0.007,0
108,PAT_1026_124_206.png,0,1,0.39,0.61,0.349,0.276,0.004,0.003,0.011,0
109,PAT_383_777_129.png,0,0,0.79,0.21,0.504,1.0,0.008,0.01,0.008,0
110,PAT_49_75_326.png,0,1,0.35,0.65,0.0,0.0,0.0,0.0,0.0,0
111,PAT_388_1590_169.png,0,0,0.58,0.42,0.626,0.204,0.003,0.003,0.008,0
112,PAT_71_108_617.png,0,1,0.45,0.55,0.157,0.007,0.002,0.003,0.003,0
113,PAT_646_1225_590.png,0,0,0.65,0.35,0.469,0.11,0.003,0.004,0.002,0
114,PAT_957_1814_77.png,0,1,0.36,0.64,0.39,0.487,0.003,0.004,0.018,0
115,PAT_1404_1393_540.png,0,1,0.48,0.52,0.104,0.444,0.007,0.006,0.006,0
116,PAT_1392_1353_161.png,0,0,0.75,0.25,0.771,0.155,0.004,0.007,0.009,0
117,PAT_1881_3713_718.png,0,0,0.56,0.44,0.451,0.139,0.002,0.001,0.001,0
118,PAT_302_1633_845.png,0,0,0.54,0.46,0.338,0.042,0.008,0.008,0.009,0
119,PAT_837_1582_714.png,0,0,0.56,0.44,0.312,0.078,0.009,0.01,0.011,0
120,PAT_1550_1888_216.png,0,0,0.58,0.42,0.208,1.0,0.008,0.008,0.01,0
121,PAT_478_1829_141.png,0,0,0.57,0.43,0.494,0.005,0.0,0.0,0.0,0
122,PAT_1113_458_387.png,0,1,0.37,0.63,0.18,0.271,0.005,0.008,0.018,0
123,PAT_1801_3459_857.png,0,1,0.36,0.64,0.08,0.031,0.002,0.001,0.002,0
124,PAT_931_1763_617.png,0,0,0.68,0.32,0.417,0.018,0.007,0.009,0.006,0
125,PAT_2103_4581_72.png,0,0,0.53,0.47,0.562,0.316,0.001,0.002,0.009,0
126,PAT_263_403_966.png,0,0,0.77,0.23,0.472,0.073,0.003,0.013,0.013,0
127,PAT_876_1665_569.png,0,0,0.57,0.43,0.321,0.011,0.003,0.004,0.002,0
128,PAT_1455_1585_690.png,0,0,0.6,0.4,0.455,0.016,0.004,0.005,0.005,0
129,PAT_1057_242_297.png,0,0,0.51,0.49,0.337,0.029,0.01,0.006,0.005,0
130,PAT_1951_3934_98.png,0,0,0.63,0.37,0.571,0.02,0.003,0.003,0.003,0
131,PAT_1185_679_115.png,0,1,0.35,0.65,0.202,0.061,0.005,0.006,0.014,0
132,PAT_276_425_539.png,0,0,0.65,0.35,0.394,0.2,0.007,0.007,0.004,0
133,PAT_776_1466_241.png,0,0,0.89,0.11,0.437,0.02,0.015,0.02,0.006,0
134,PAT_1448_1551_366.png,0,1,0.48,0.52,0.283,0.016,0.0,0.001,0.002,0
135,PAT_220_338_339.png,0,1,0.42,0.58,0.434,0.073,0.005,0.009,0.022,0
136,PAT_834_1574_397.png,0,1,0.35,0.65,0.0,0.0,0.0,0.0,0.0,0
137,PAT_369_755_733.png,0,0,0.65,0.35,0.344,0.016,0.005,0.007,0.003,0
138,PAT_985_1856_397.png,0,0,0.63,0.37,0.38,0.283,0.006,0.007,0.006,0
139,PAT_2154_4783_625.png,0,0,0.58,0.42,0.5,0.043,0.002,0.004,0.007,0
140,PAT_747_1410_179.png,0,1,0.35,0.65,0.0,0.0,0.0,0.0,0.0,0
141,PAT_172_267_557.png,0,0,0.62,0.38,0.597,0.141,0.013,0.007,0.006,0
142,PAT_330_695_296.png,0,0,0.52,0.48,0.502,0.006,0.003,0.001,0.003,0
143,PAT_115_1138_970.png,1,0,0.64,0.36,0.652,0.046,0.009,0.021,0.037,1
144,PAT_1247_852_178.png,0,0,0.7,0.3,0.167,0.08,0.005,0.01,0.003,0
145,PAT_822_1550_826.png,0,0,0.59,0.41,0.281,1.0,0.006,0.005,0.006,0
146,PAT_344_718_206.png,0,0,0.56,0.44,0.156,0.643,0.001,0.004,0.004,0
147,PAT_801_1518_574.png,1,0,0.52,0.48,0.35,0.087,0.0,0.0,0.0,1
148,PAT_279_429_142.png,0,0,0.71,0.29,0.733,0.049,0.002,0.003,0.003,0
149,PAT_601_1147_889.png,0,0,0.63,0.37,0.367,0.285,0.004,0.005,0.003,0
150,PAT_305_655_30.png,0,0,0.57,0.43,0.292,0.582,0.005,0.008,0.012,0
151,PAT_535_1011_567.png,0,0,0.74,0.26,0.434,0.006,0.002,0.006,0.0,0
152,PAT_1198_715_648.png,0,1,0.44,0.56,0.409,0.084,0.001,0.002,0.009,0
153,PAT_233_986_663.png,0,0,0.61,0.39,0.499,0.014,0.0,0.001,0.0,0
154,PAT_53_81_522.png,0,0,0.69,0.31,0.573,0.045,0.01,0.01,0.009,0
155,PAT_923_1753_706.png,0,0,0.65,0.35,0.432,0.29,0.005,0.006,0.005,0
156,PAT_1190_700_663.png,0,0,0.57,0.43,0.468,0.117,0.005,0.005,0.007,0
157,PAT_275_424_966.png,0,0,0.66,0.34,0.214,0.867,0.005,0.007,0.005,0
158,PAT_155_240_211.png,0,0,0.58,0.42,0.38,0.031,0.002,0.004,0.004,0
159,PAT_39_55_233.png,0,0,0.54,0.46,0.333,0.0,0.003,0.004,0.004,0
160,PAT_1770_3344_274.png,0,1,0.43,0.57,0.245,0.03,0.003,0.003,0.006,0
161,PAT_1846_3622_35.png,0,0,0.58,0.42,0.423,0.494,0.001,0.001,0.002,0
162,PAT_2102_4575_616.png,0,0,0.7,0.3,0.655,0.185,0.007,0.007,0.007,0
163,PAT_1184_676_303.png,0,0,0.57,0.43,0.379,0.148,0.005,0.005,0.005,0
164,PAT_2008_4126_489.png,0,0,0.63,0.37,0.563,0.022,0.003,0.004,0.005,0
165,PAT_872_1709_526.png,0,0,0.51,0.49,0.232,0.75,0.007,0.006,0.009,0
166,PAT_100_393_595.png,0,0,0.58,0.42,0.299,0.235,0.001,0.003,0.002,0
167,PAT_730_1383_535.png,0,1,0.43,0.57,0.109,0.493,0.002,0.002,0.004,0
168,PAT_851_1623_506.png,0,0,0.75,0.25,0.871,0.183,0.002,0.002,0.002,0
169,PAT_747_1409_116.png,0,0,0.61,0.39,0.583,0.0,0.0,0.0,0.0,0
170,PAT_876_1666_961.png,0,0,0.57,0.43,0.392,0.075,0.005,0.006,0.007,0
171,PAT_734_1390_631.png,0,1,0.49,0.51,0.319,0.097,0.004,0.005,0.008,0
172,PAT_50_76_296.png,0,1,0.24,0.76,0.275,0.087,0.002,0.002,0.017,0
173,PAT_1969_3980_995.png,0,1,0.43,0.57,0.179,0.058,0.005,0.003,0.003,0
174,PAT_36_50_14.png,0,1,0.46,0.54,0.464,0.01,0.002,0.002,0.008,0
175,PAT_1978_4004_82.png,0,1,0.4,0.6,0.281,0.126,0.001,0.002,0.008,0
176,PAT_1065_277_768.png,0,0,0.56,0.44,0.496,0.016,0.0,0.001,0.003,0
177,PAT_1861_3648_959.png,0,0,0.67,0.33,0.604,0.377,0.007,0.007,0.009,0
178,PAT_110_165_583.png,0,0,0.61,0.39,0.423,0.018,0.004,0.004,0.002,0
179,PAT_1145_534_529.png,0,0,0.73,0.27,0.712,0.495,0.004,0.007,0.011,0
180,PAT_689_1307_354.png,0,0,0.69,0.31,0.312,1.0,0.007,0.008,0.007,0
181,PAT_1460_1598_708.png,0,0,0.54,0.46,0.318,0.024,0.003,0.003,0.002,0
182,PAT_1648_2904_523.png,0,0,0.6,0.4,0.286,0.224,0.005,0.008,0.008,0
183,PAT_457_889_346.png,0,1,0.15,0.85,0.496,0.204,0.004,0.004,0.033,0
184,PAT_1452_1564_509.png,0,1,0.48,0.52,0.448,0.016,0.003,0.002,0.006,0
185,PAT_230_1007_645.png,0,1,0.49,0.51,0.065,0.864,0.005,0.005,0.006,0
186,PAT_1596_2664_323.png,0,0,0.51,0.49,0.013,1.0,0.005,0.006,0.007,0
187,PAT_1219_764_111.png,0,0,0.67,0.33,0.28,0.113,0.004,0.008,0.004,0
188,PAT_207_1280_15.png,0,0,0.62,0.38,0.308,0.327,0.011,0.007,0.002,0
189,PAT_160_248_254.png,0,0,0.7,0.3,0.512,1.0,0.01,0.008,0.009,0
190,PAT_867_1650_901.png,0,1,0.4,0.6,0.094,0.052,0.0,0.0,0.0,0
191,PAT_1546_1871_376.png,0,1,0.44,0.56,0.341,0.053,0.004,0.005,0.011,0
192,PAT_573_1090_164.png,0,0,0.77,0.23,0.362,0.075,0.007,0.011,0.003,0
193,PAT_986_1855_702.png,0,1,0.47,0.53,0.11,0.47,0.005,0.007,0.01,0
194,PAT_1780_3381_999.png,0,1,0.29,0.71,0.194,0.066,0.004,0.004,0.014,0
195,PAT_400_801_376.png,0,1,0.43,0.57,0.213,0.005,0.001,0.0,0.0,0
196,PAT_698_1319_166.png,0,0,0.72,0.28,0.789,0.169,0.004,0.007,0.011,0
197,PAT_637_1434_684.png,0,1,0.3,0.7,0.449,0.038,0.005,0.008,0.027,0
198,PAT_949_1802_582.png,1,1,0.46,0.54,0.314,0.138,0.007,0.008,0.014,1
199,PAT_846_4421_153.png,0,1,0.48,0.52,0.197,0.771,0.004,0.007,0.014,0
200,PAT_126_191_304.png,0,0,0.54,0.46,0.568,0.067,0.013,0.006,0.007,0
201,PAT_192_296_824.png,0,0,0.58,0.42,0.325,0.444,0.005,0.004,0.003,0
202,PAT_1304_1079_859.png,0,1,0.44,0.56,0.34,0.2,0.002,0.004,0.011,0
203,PAT_892_1691_881.png,0,1,0.21,0.79,0.246,0.057,0.002,0.002,0.018,0
204,PAT_1688_3066_491.png,0,1,0.37,0.63,0.22,0.746,0.003,0.004,0.015,0
205,PAT_2051_4356_460.png,0,0,0.64,0.36,0.255,0.727,0.004,0.008,0.009,0
206,PAT_212_326_597.png,0,0,0.56,0.44,0.305,0.034,0.005,0.005,0.003,0
207,PAT_1275_955_131.png,0,0,0.64,0.36,0.701,0.037,0.001,0.005,0.011,0
208,PAT_104_1755_320.png,0,0,0.56,0.44,0.321,0.064,0.011,0.009,0.008,0
209,PAT_414_822_420.png,0,0,0.74,0.26,0.674,0.394,0.005,0.007,0.008,0
210,PAT_135_202_593.png,0,0,0.7,0.3,0.681,0.073,0.009,0.011,0.014,0
211,PAT_2116_4614_671.png,0,0,0.64,0.36,0.465,0.013,0.003,0.007,0.008,0
212,PAT_679_1286_933.png,0,0,0.58,0.42,0.647,0.028,0.001,0.003,0.009,0
213,PAT_1690_3082_117.png,0,0,0.55,0.45,0.523,0.081,0.002,0.003,0.007,0
214,PAT_1546_1872_824.png,0,0,0.74,0.26,0.658,0.054,0.009,0.008,0.005,0
215,PAT_1071_314_500.png,0,1,0.35,0.65,0.0,0.0,0.0,0.0,0.0,0
216,PAT_880_1673_410.png,0,1,0.49,0.51,0.073,0.434,0.003,0.006,0.007,0
217,PAT_1552_1895_190.png,0,0,0.57,0.43,0.533,0.063,0.002,0.002,0.004,0
218,PAT_1307_1088_252.png,0,0,0.51,0.49,0.31,0.054,0.008,0.007,0.008,0
219,PAT_1066_281_99.png,0,0,0.7,0.3,0.646,0.029,0.004,0.005,0.004,0
220,PAT_313_669_935.png,0,0,0.63,0.37,0.368,0.585,0.009,0.008,0.008,0
221,PAT_387_786_782.png,0,0,0.59,0.41,0.556,0.013,0.008,0.003,0.001,0
222,PAT_1934_3890_306.png,0,1,0.38,0.62,0.282,0.551,0.002,0.004,0.015,0
223,PAT_1784_3416_507.png,0,0,0.6,0.4,0.256,0.071,0.004,0.008,0.007,0
224,PAT_78_118_685.png,0,0,0.57,0.43,0.119,0.029,0.009,0.01,0.006,0
225,PAT_460_894_429.png,0,1,0.38,0.62,0.366,0.104,0.004,0.006,0.017,0
226,PAT_919_1744_318.png,0,0,0.52,0.48,0.483,0.131,0.005,0.008,0.016,0
227,PAT_1871_3666_675.png,0,0,0.7,0.3,0.496,0.779,0.006,0.006,0.006,0
228,PAT_521_984_412.png,0,1,0.37,0.63,0.0,0.0,0.0,0.002,0.003,0
229,PAT_2010_4136_318.png,0,0,0.73,0.27,0.507,0.557,0.003,0.008,0.009,0
230,PAT_954_1808_415.png,0,0,0.64,0.36,0.397,0.509,0.001,0.007,0.011,0
231,PAT_884_1683_538.png,1,1,0.33,0.67,0.463,0.054,0.002,0.003,0.017,1
232,PAT_1529_1798_206.png,0,1,0.44,0.56,0.539,0.138,0.001,0.003,0.014,0
233,PAT_30_41_815.png,0,0,0.58,0.42,0.256,0.485,0.008,0.008,0.008,0
234,PAT_279_430_356.png,0,0,0.93,0.07,0.438,1.0,0.008,0.016,0.003,0
235,PAT_191_294_629.png,0,1,0.45,0.55,0.719,0.025,0.003,0.003,0.016,0
236,PAT_1526_1792_482.png,0,1,0.41,0.59,0.667,0.102,0.004,0.01,0.031,0
237,PAT_381_775_253.png,0,1,0.27,0.73,0.442,0.39,0.007,0.006,0.025,0
238,PAT_573_1090_660.png,0,0,0.66,0.34,0.275,0.021,0.005,0.008,0.003,0
239,PAT_423_839_717.png,0,0,0.69,0.31,0.445,0.017,0.008,0.007,0.001,0
240,PAT_785_1479_108.png,0,0,0.59,0.41,0.538,0.026,0.002,0.003,0.005,0
241,PAT_252_383_31.png,0,1,0.39,0.61,0.034,0.95,0.002,0.004,0.011,0
242,PAT_426_842_458.png,0,0,0.8,0.2,0.218,0.122,0.006,0.012,0.001,0
243,PAT_856_1626_523.png,0,0,0.77,0.23,0.918,0.1,0.004,0.004,0.004,0
244,PAT_717_1347_899.png,1,0,0.66,0.34,0.658,0.011,0.0,0.003,0.005,1
245,PAT_519_979_104.png,0,0,0.62,0.38,0.394,0.017,0.004,0.006,0.005,0
246,PAT_368_1652_525.png,0,0,0.55,0.45,0.47,0.415,0.002,0.001,0.004,0
247,PAT_832_1569_413.png,0,0,0.59,0.41,0.29,0.021,0.004,0.005,0.002,0
248,PAT_1729_3235_909.png,0,0,0.61,0.39,0.796,0.192,0.004,0.005,0.014,0
249,PAT_2082_4491_519.png,0,0,0.51,0.49,0.346,0.006,0.0,0.0,0.0,0
250,PAT_457_890_255.png,0,0,0.66,0.34,0.748,0.119,0.012,0.006,0.006,0
251,PAT_531_3079_652.png,0,0,0.65,0.35,0.454,0.902,0.004,0.008,0.014,0
252,PAT_753_1427_496.png,0,1,0.5,0.5,0.079,0.075,0.01,0.009,0.006,0
253,PAT_835_1578_52.png,0,0,0.61,0.39,0.344,0.932,0.006,0.005,0.006,0
254,PAT_601_1147_943.png,0,1,0.49,0.51,0.29,0.004,0.001,0.001,0.001,0
255,PAT_1100_402_375.png,0,0,0.55,0.45,0.277,0.038,0.012,0.013,0.015,0
256,PAT_1764_3335_803.png,0,0,0.6,0.4,0.269,0.775,0.009,0.007,0.006,0
257,PAT_1391_1351_396.png,0,0,0.73,0.27,0.519,0.215,0.009,0.008,0.003,0
258,PAT_354_1814_726.png,0,1,0.5,0.5,0.308,0.007,0.004,0.003,0.003,0
259,PAT_2129_4680_110.png,0,0,0.65,0.35,0.588,0.123,0.003,0.003,0.003,0
260,PAT_1070_308_751.png,0,0,0.51,0.49,0.378,0.03,0.004,0.003,0.004,0
261,PAT_989_1861_156.png,0,0,0.61,0.39,0.883,0.131,0.005,0.007,0.019,0
262,PAT_633_1199_218.png,0,0,0.57,0.43,0.467,0.045,0.003,0.002,0.002,0
263,PAT_1955_3946_319.png,0,0,0.56,0.44,0.51,0.219,0.004,0.006,0.012,0
264,PAT_386_785_536.png,0,0,0.64,0.36,0.519,0.037,0.0,0.002,0.001,0
265,PAT_89_135_11.png,0,0,0.76,0.24,0.527,0.241,0.013,0.011,0.005,0
266,PAT_996_6_367.png,0,0,0.63,0.37,0.458,0.188,0.002,0.004,0.004,0
267,PAT_618_1174_596.png,0,0,0.82,0.18,0.326,0.083,0.013,0.014,0.001,0
268,PAT_1713_3179_888.png,0,0,0.55,0.45,0.363,0.016,0.0,0.001,0.0,0
269,PAT_290_445_988.png,0,1,0.46,0.54,0.498,0.053,0.0,0.001,0.008,0
270,PAT_1840_3612_959.png,0,1,0.43,0.57,0.053,0.076,0.001,0.002,0.001,0
271,PAT_655_926_447.png,0,0,0.64,0.36,0.276,0.053,0.01,0.01,0.005,0
272,PAT_460_894_401.png,0,0,0.67,0.33,0.696,0.031,0.001,0.002,0.003,0
273,PAT_1554_2392_767.png,0,0,0.52,0.48,0.437,0.027,0.001,0.001,0.003,0
274,PAT_366_2448_563.png,0,0,0.54,0.46,0.426,0.012,0.0,0.0,0.0,0
275,PAT_228_348_535.png,0,0,0.55,0.45,0.453,0.484,0.003,0.003,0.007,0
276,PAT_1633_2855_460.png,0,0,0.62,0.38,0.595,0.013,0.006,0.008,0.012,0
277,PAT_181_280_417.png,0,0,0.64,0.36,0.452,0.268,0.006,0.007,0.007,0
278,PAT_1626_2811_850.png,0,0,0.62,0.38,0.246,0.426,0.01,0.008,0.004,0
279,PAT_2003_4107_766.png,0,1,0.49,0.51,0.384,0.01,0.001,0.0,0.001,0
280,PAT_815_1535_536.png,0,0,0.86,0.14,0.777,0.114,0.005,0.01,0.005,0
281,PAT_894_1680_410.png,0,1,0.03,0.97,0.643,0.017,0.015,0.002,0.045,0
282,PAT_1653_2916_346.png,0,0,0.56,0.44,0.326,0.02,0.001,0.003,0.002,0
283,PAT_14_22_850.png,0,1,0.22,0.78,0.254,0.292,0.003,0.005,0.024,0
284,PAT_1767_3340_959.png,0,1,0.49,0.51,0.196,0.271,0.003,0.003,0.003,0
285,PAT_531_1004_189.png,0,0,0.58,0.42,0.317,0.048,0.004,0.005,0.003,0
286,PAT_1403_1392_848.png,0,1,0.42,0.58,0.491,0.203,0.005,0.005,0.016,0
287,PAT_527_1359_165.png,0,1,0.5,0.5,0.381,0.014,0.003,0.002,0.003,0
288,PAT_653_1234_311.png,0,1,0.5,0.5,0.367,0.204,0.003,0.002,0.004,0
289,PAT_53_82_940.png,0,1,0.43,0.57,0.385,0.104,0.011,0.004,0.006,0
290,PAT_1536_1819_562.png,0,1,0.47,0.53,0.278,0.003,0.0,0.0,0.0,0
291,PAT_120_183_623.png,0,0,0.66,0.34,0.718,0.128,0.005,0.004,0.006,0
292,PAT_1312_1102_578.png,0,1,0.48,0.52,0.251,0.135,0.001,0.001,0.001,0
293,PAT_1503_1728_65.png,0,0,0.52,0.48,0.258,0.2,0.004,0.004,0.004,0
294,PAT_153_233_45.png,0,0,0.7,0.3,0.594,0.367,0.007,0.007,0.007,0
295,PAT_237_362_909.png,0,0,0.64,0.36,0.382,0.231,0.002,0.004,0.002,0
296,PAT_666_1269_65.png,0,1,0.29,0.71,0.351,0.041,0.009,0.002,0.01,0
297,PAT_53_81_194.png,0,0,0.53,0.47,0.374,0.013,0.001,0.001,0.001,0
298,PAT_645_1222_860.png,0,0,0.54,0.46,0.71,0.01,0.001,0.002,0.01,0
299,PAT_975_4734_783.png,0,1,0.5,0.5,0.503,0.261,0.001,0.001,0.007,0
300,PAT_796_1509_400.png,0,0,0.6,0.4,0.468,0.016,0.003,0.003,0.002,0
301,PAT_522_985_991.png,0,0,0.65,0.35,0.496,0.349,0.005,0.006,0.007,0
302,PAT_1810_3484_347.png,0,0,0.75,0.25,0.544,0.032,0.011,0.011,0.006,0
303,PAT_1374_1286_494.png,0,0,0.77,0.23,0.728,0.211,0.005,0.005,0.002,0
304,PAT_1276_957_406.png,0,0,0.54,0.46,0.42,0.013,0.0,0.0,0.0,0
305,PAT_961_1818_992.png,0,0,0.53,0.47,0.617,0.024,0.002,0.004,0.012,0
306,PAT_1708_3153_799.png,0,0,0.53,0.47,0.182,0.658,0.008,0.008,0.01,0
307,PAT_636_1204_666.png,0,0,0.55,0.45,0.466,0.329,0.004,0.005,0.01,0
308,PAT_334_703_907.png,0,1,0.41,0.59,0.272,0.056,0.005,0.002,0.004,0
309,PAT_54_83_405.png,0,0,0.58,0.42,0.188,0.036,0.003,0.006,0.003,0
310,PAT_754_1429_380.png,1,0,0.53,0.47,0.399,0.011,0.0,0.0,0.0,1
311,PAT_267_1062_418.png,0,1,0.39,0.61,0.207,0.376,0.002,0.005,0.014,0
312,PAT_539_1023_928.png,0,1,0.39,0.61,0.127,0.042,0.003,0.003,0.005,0
313,PAT_432_851_560.png,0,1,0.32,0.68,0.285,0.309,0.002,0.001,0.011,0
314,PAT_201_306_781.png,0,0,0.63,0.37,0.557,0.046,0.004,0.005,0.006,0
315,PAT_73_111_435.png,0,0,0.69,0.31,0.631,0.067,0.006,0.006,0.005,0
316,PAT_402_803_739.png,0,1,0.38,0.62,0.446,0.152,0.006,0.008,0.022,0
317,PAT_738_1397_195.png,0,0,0.53,0.47,0.236,0.379,0.002,0.003,0.003,0
318,PAT_430_848_476.png,0,1,0.49,0.51,0.359,0.017,0.005,0.005,0.008,0
319,PAT_230_1008_673.png,0,1,0.43,0.57,0.283,0.007,0.001,0.0,0.002,0
320,PAT_1869_3663_335.png,0,0,0.68,0.32,0.515,0.096,0.002,0.005,0.004,0
321,PAT_472_910_453.png,0,1,0.4,0.6,0.284,0.02,0.006,0.001,0.002,0
322,PAT_363_746_18.png,0,1,0.35,0.65,0.0,0.0,0.0,0.0,0.0,0
323,PAT_451_878_890.png,0,0,0.57,0.43,0.402,0.083,0.001,0.001,0.0,0
324,PAT_1730_3236_7.png,0,0,0.54,0.46,0.333,0.0,0.0,0.001,0.0,0
325,PAT_323_686_356.png,0,0,0.55,0.45,0.436,0.138,0.004,0.002,0.002,0
326,PAT_973_1839_34.png,0,0,0.59,0.41,0.121,0.856,0.004,0.007,0.007,0
327,PAT_354_1814_153.png,0,1,0.46,0.54,0.24,0.033,0.002,0.003,0.005,0
328,PAT_1243_837_806.png,0,0,0.64,0.36,0.557,0.35,0.003,0.006,0.01,0
329,PAT_976_1837_503.png,0,1,0.49,0.51,0.245,0.055,0.004,0.004,0.004,0
330,PAT_610_1156_461.png,0,0,0.67,0.33,0.63,0.099,0.004,0.004,0.004,0
331,PAT_640_1210_293.png,0,1,0.47,0.53,0.385,0.669,0.006,0.007,0.017,0
332,PAT_300_647_501.png,0,0,0.55,0.45,0.232,0.587,0.004,0.003,0.002,0
333,PAT_456_888_961.png,0,1,0.35,0.65,0.0,0.0,0.0,0.0,0.0,0
334,PAT_711_4067_260.png,0,0,0.52,0.48,0.52,0.007,0.008,0.005,0.008,0
335,PAT_352_729_947.png,0,1,0.39,0.61,0.12,0.606,0.002,0.003,0.009,0
336,PAT_503_950_552.png,0,0,0.63,0.37,0.469,1.0,0.004,0.005,0.01,0
337,PAT_771_1489_70.png,0,0,0.71,0.29,0.484,0.042,0.007,0.009,0.006,0
338,PAT_527_1360_225.png,0,0,0.51,0.49,0.391,0.598,0.002,0.002,0.007,0
339,PAT_1821_3575_920.png,0,1,0.41,0.59,0.168,0.013,0.0,0.0,0.001,0
340,PAT_572_1086_130.png,0,1,0.44,0.56,0.42,0.032,0.007,0.007,0.015,0
341,PAT_1064_272_668.png,0,0,0.66,0.34,0.327,1.0,0.008,0.008,0.008,0
342,PAT_315_673_227.png,0,1,0.42,0.58,0.233,0.022,0.0,0.0,0.002,0
343,PAT_1256_879_199.png,0,0,0.52,0.48,0.193,0.501,0.003,0.003,0.003,0
344,PAT_1403_1392_407.png,0,1,0.3,0.7,0.484,0.179,0.01,0.009,0.027,0
